-2	 0.41419
-1.99767	 0.421002
-1.99533	 0.427927
-1.993	 0.434967
-1.99067	 0.442122
-1.98833	 0.449396
-1.986	 0.45679
-1.98367	 0.464306
-1.98133	 0.471946
-1.979	 0.479712
-1.97667	 0.487607
-1.97433	 0.495632
-1.972	 0.50379
-1.96967	 0.512083
-1.96733	 0.520512
-1.965	 0.529081
-1.96267	 0.537792
-1.96033	 0.546646
-1.958	 0.555647
-1.95567	 0.564797
-1.95333	 0.574097
-1.951	 0.583552
-1.94867	 0.593163
-1.94633	 0.602933
-1.944	 0.612865
-1.94167	 0.622961
-1.93933	 0.633224
-1.937	 0.643657
-1.93467	 0.654262
-1.93233	 0.665043
-1.93	 0.676002
-1.92767	 0.687142
-1.92533	 0.698467
-1.923	 0.70998
-1.92067	 0.721683
-1.91833	 0.733579
-1.916	 0.745673
-1.91367	 0.757967
-1.91133	 0.770465
-1.909	 0.783169
-1.90667	 0.796084
-1.90433	 0.809213
-1.902	 0.822559
-1.89967	 0.836127
-1.89733	 0.849919
-1.895	 0.86394
-1.89267	 0.878193
-1.89033	 0.892682
-1.888	 0.907412
-1.88567	 0.922386
-1.88333	 0.937607
-1.881	 0.953082
-1.87867	 0.968813
-1.87633	 0.984804
-1.874	 1.00106
-1.87167	 1.01759
-1.86933	 1.03439
-1.867	 1.05147
-1.86467	 1.06883
-1.86233	 1.08648
-1.86	 1.10443
-1.85767	 1.12267
-1.85533	 1.14121
-1.853	 1.16006
-1.85067	 1.17923
-1.84833	 1.19871
-1.846	 1.21852
-1.84367	 1.23865
-1.84133	 1.25912
-1.839	 1.27993
-1.83667	 1.30109
-1.83433	 1.3226
-1.832	 1.34446
-1.82967	 1.36669
-1.82733	 1.38929
-1.825	 1.41226
-1.82267	 1.43561
-1.82033	 1.45936
-1.818	 1.4835
-1.81567	 1.50803
-1.81333	 1.53298
-1.811	 1.55834
-1.80867	 1.58413
-1.80633	 1.61034
-1.804	 1.63699
-1.80167	 1.66408
-1.79933	 1.69162
-1.797	 1.71962
-1.79467	 1.74809
-1.79233	 1.77703
-1.79	 1.80645
-1.78767	 1.83636
-1.78533	 1.86678
-1.783	 1.89769
-1.78067	 1.92912
-1.77833	 1.96108
-1.776	 1.99357
-1.77367	 2.02659
-1.77133	 2.06017
-1.769	 2.09431
-1.76667	 2.12902
-1.76433	 2.1643
-1.762	 2.20018
-1.75967	 2.23665
-1.75733	 2.27373
-1.755	 2.31143
-1.75267	 2.34976
-1.75033	 2.38872
-1.748	 2.42834
-1.74567	 2.46861
-1.74333	 2.50956
-1.741	 2.5512
-1.73867	 2.59352
-1.73633	 2.63656
-1.734	 2.68031
-1.73167	 2.72479
-1.72933	 2.77001
-1.727	 2.81599
-1.72467	 2.86274
-1.72233	 2.91027
-1.72	 2.95859
-1.71767	 3.00772
-1.71533	 3.05767
-1.713	 3.10846
-1.71067	 3.16009
-1.70833	 3.21259
-1.706	 3.26596
-1.70367	 3.32023
-1.70133	 3.3754
-1.699	 3.4315
-1.69667	 3.48853
-1.69433	 3.54652
-1.692	 3.60548
-1.68967	 3.66543
-1.68733	 3.72638
-1.685	 3.78835
-1.68267	 3.85135
-1.68033	 3.91541
-1.678	 3.98054
-1.67567	 4.04677
-1.67333	 4.1141
-1.671	 4.18256
-1.66867	 4.25217
-1.66633	 4.32294
-1.664	 4.3949
-1.66167	 4.46806
-1.65933	 4.54245
-1.657	 4.61809
-1.65467	 4.695
-1.65233	 4.77319
-1.65	 4.8527
-1.64767	 4.93353
-1.64533	 5.01573
-1.643	 5.0993
-1.64067	 5.18428
-1.63833	 5.27068
-1.636	 5.35853
-1.63367	 5.44786
-1.63133	 5.53868
-1.629	 5.63103
-1.62667	 5.72493
-1.62433	 5.82041
-1.622	 5.91749
-1.61967	 6.0162
-1.61733	 6.11657
-1.615	 6.21863
-1.61267	 6.3224
-1.61033	 6.42792
-1.608	 6.53521
-1.60567	 6.6443
-1.60333	 6.75522
-1.601	 6.86802
-1.59867	 6.98271
-1.59633	 7.09932
-1.594	 7.2179
-1.59167	 7.33848
-1.58933	 7.46108
-1.587	 7.58575
-1.58467	 7.71252
-1.58233	 7.84142
-1.58	 7.97249
-1.57767	 8.10576
-1.57533	 8.24129
-1.573	 8.37909
-1.57067	 8.51922
-1.56833	 8.6617
-1.566	 8.80659
-1.56367	 8.95392
-1.56133	 9.10374
-1.559	 9.25608
-1.55667	 9.41099
-1.55433	 9.56851
-1.552	 9.72868
-1.54967	 9.89156
-1.54733	 10.0572
-1.545	 10.2256
-1.54267	 10.3969
-1.54033	 10.571
-1.538	 10.7481
-1.53567	 10.9282
-1.53333	 11.1113
-1.531	 11.2976
-1.52867	 11.4869
-1.52633	 11.6795
-1.524	 11.8753
-1.52167	 12.0744
-1.51933	 12.2769
-1.517	 12.4828
-1.51467	 12.6922
-1.51233	 12.9052
-1.51	 13.1217
-1.50767	 13.3419
-1.50533	 13.5658
-1.503	 13.7935
-1.50067	 14.0251
-1.49833	 14.2606
-1.496	 14.5001
-1.49367	 14.7436
-1.49133	 14.9912
-1.489	 15.2431
-1.48667	 15.4992
-1.48433	 15.7596
-1.482	 16.0245
-1.47967	 16.2938
-1.47733	 16.5677
-1.475	 16.8463
-1.47267	 17.1296
-1.47033	 17.4176
-1.468	 17.7106
-1.46567	 18.0085
-1.46333	 18.3115
-1.461	 18.6196
-1.45867	 18.933
-1.45633	 19.2517
-1.454	 19.5757
-1.45167	 19.9053
-1.44933	 20.2405
-1.447	 20.5814
-1.44467	 20.928
-1.44233	 21.2806
-1.44	 21.6391
-1.43767	 22.0037
-1.43533	 22.3745
-1.433	 22.7517
-1.43067	 23.1352
-1.42833	 23.5252
-1.426	 23.9219
-1.42367	 24.3254
-1.42133	 24.7357
-1.419	 25.1529
-1.41667	 25.5773
-1.41433	 26.0089
-1.412	 26.4478
-1.40967	 26.8943
-1.40733	 27.3483
-1.405	 27.81
-1.40267	 28.2796
-1.40033	 28.7572
-1.398	 29.243
-1.39567	 29.737
-1.39333	 30.2394
-1.391	 30.7504
-1.38867	 31.2701
-1.38633	 31.7987
-1.384	 32.3363
-1.38167	 32.883
-1.37933	 33.4391
-1.377	 34.0047
-1.37467	 34.5799
-1.37233	 35.1649
-1.37	 35.7599
-1.36767	 36.3651
-1.36533	 36.9806
-1.363	 37.6066
-1.36067	 38.2432
-1.35833	 38.8908
-1.356	 39.5494
-1.35367	 40.2193
-1.35133	 40.9006
-1.349	 41.5936
-1.34667	 42.2984
-1.34433	 43.0153
-1.342	 43.7444
-1.33967	 44.486
-1.33733	 45.2402
-1.335	 46.0074
-1.33267	 46.7877
-1.33033	 47.5813
-1.328	 48.3886
-1.32567	 49.2096
-1.32333	 50.0447
-1.321	 50.8941
-1.31867	 51.758
-1.31633	 52.6367
-1.314	 53.5305
-1.31167	 54.4395
-1.30933	 55.3642
-1.307	 56.3047
-1.30467	 57.2613
-1.30233	 58.2343
-1.3	 59.224
-1.29767	 60.2306
-1.29533	 61.2545
-1.293	 62.296
-1.29067	 63.3553
-1.28833	 64.4328
-1.286	 65.5288
-1.28367	 66.6435
-1.28133	 67.7775
-1.279	 68.9308
-1.27667	 70.104
-1.27433	 71.2973
-1.272	 72.5111
-1.26967	 73.7457
-1.26733	 75.0016
-1.265	 76.279
-1.26267	 77.5783
-1.26033	 78.9
-1.258	 80.2443
-1.25567	 81.6118
-1.25333	 83.0028
-1.251	 84.4177
-1.24867	 85.8569
-1.24633	 87.3209
-1.244	 88.81
-1.24167	 90.3247
-1.23933	 91.8655
-1.237	 93.4328
-1.23467	 95.0271
-1.23233	 96.6488
-1.23	 98.2983
-1.22767	 99.9763
-1.22533	 101.683
-1.223	 103.419
-1.22067	 105.186
-1.21833	 106.982
-1.216	 108.81
-1.21367	 110.668
-1.21133	 112.559
-1.209	 114.483
-1.20667	 116.44
-1.20433	 118.43
-1.202	 120.455
-1.19967	 122.514
-1.19733	 124.609
-1.195	 126.74
-1.19267	 128.908
-1.19033	 131.114
-1.188	 133.357
-1.18567	 135.639
-1.18333	 137.96
-1.181	 140.321
-1.17867	 142.724
-1.17633	 145.167
-1.174	 147.653
-1.17167	 150.181
-1.16933	 152.753
-1.167	 155.37
-1.16467	 158.032
-1.16233	 160.739
-1.16	 163.494
-1.15767	 166.296
-1.15533	 169.146
-1.153	 172.045
-1.15067	 174.995
-1.14833	 177.995
-1.146	 181.048
-1.14367	 184.153
-1.14133	 187.311
-1.139	 190.525
-1.13667	 193.793
-1.13433	 197.118
-1.132	 200.501
-1.12967	 203.942
-1.12733	 207.442
-1.125	 211.003
-1.12267	 214.626
-1.12033	 218.311
-1.118	 222.06
-1.11567	 225.873
-1.11333	 229.753
-1.111	 233.699
-1.10867	 237.714
-1.10633	 241.798
-1.104	 245.953
-1.10167	 250.179
-1.09933	 254.479
-1.097	 258.853
-1.09467	 263.302
-1.09233	 267.829
-1.09	 272.433
-1.08767	 277.118
-1.08533	 281.883
-1.083	 286.731
-1.08067	 291.663
-1.07833	 296.679
-1.076	 301.783
-1.07367	 306.975
-1.07133	 312.257
-1.069	 317.63
-1.06667	 323.096
-1.06433	 328.656
-1.062	 334.313
-1.05967	 340.067
-1.05733	 345.921
-1.055	 351.876
-1.05267	 357.934
-1.05033	 364.097
-1.048	 370.367
-1.04567	 376.745
-1.04333	 383.233
-1.041	 389.834
-1.03867	 396.549
-1.03633	 403.379
-1.034	 410.328
-1.03167	 417.397
-1.02933	 424.589
-1.027	 431.904
-1.02467	 439.347
-1.02233	 446.918
-1.02	 454.619
-1.01767	 462.454
-1.01533	 470.425
-1.013	 478.533
-1.01067	 486.782
-1.00833	 495.173
-1.006	 503.709
-1.00367	 512.392
-1.00133	 521.226
-0.999	 530.212
-0.996667	 539.354
-0.994333	 548.654
-0.992	 558.114
-0.989667	 567.738
-0.987333	 577.529
-0.985	 587.488
-0.982667	 597.62
-0.980333	 607.926
-0.978	 618.411
-0.975667	 629.076
-0.973333	 639.926
-0.971	 650.963
-0.968667	 662.191
-0.966333	 673.613
-0.964	 685.232
-0.961667	 697.051
-0.959333	 709.075
-0.957	 721.306
-0.954667	 733.748
-0.952333	 746.405
-0.95	 759.281
-0.947667	 772.378
-0.945333	 785.702
-0.943	 799.255
-0.940667	 813.042
-0.938333	 827.067
-0.936	 841.333
-0.933667	 855.846
-0.931333	 870.609
-0.929	 885.626
-0.926667	 900.902
-0.924333	 916.442
-0.922	 932.249
-0.919667	 948.328
-0.917333	 964.684
-0.915	 981.323
-0.912667	 998.247
-0.910333	 1015.46
-0.908	 1032.98
-0.905667	 1050.79
-0.903333	 1068.91
-0.901	 1087.34
-0.898667	 1106.09
-0.896333	 1125.16
-0.894	 1144.56
-0.891667	 1164.3
-0.889333	 1184.37
-0.887	 1204.79
-0.884667	 1225.55
-0.882333	 1246.68
-0.88	 1268.17
-0.877667	 1290.03
-0.875333	 1312.26
-0.873	 1334.87
-0.870667	 1357.88
-0.868333	 1381.27
-0.866	 1405.07
-0.863667	 1429.28
-0.861333	 1453.9
-0.859	 1478.95
-0.856667	 1504.42
-0.854333	 1530.33
-0.852	 1556.68
-0.849667	 1583.49
-0.847333	 1610.76
-0.845	 1638.49
-0.842667	 1666.7
-0.840333	 1695.39
-0.838	 1724.57
-0.835667	 1754.25
-0.833333	 1784.43
-0.831	 1815.14
-0.828667	 1846.37
-0.826333	 1878.13
-0.824	 1910.44
-0.821667	 1943.29
-0.819333	 1976.71
-0.817	 2010.7
-0.814667	 2045.27
-0.812333	 2080.43
-0.81	 2116.19
-0.807667	 2152.56
-0.805333	 2189.55
-0.803	 2227.17
-0.800667	 2265.43
-0.798333	 2304.35
-0.796	 2343.92
-0.793667	 2384.17
-0.791333	 2425.11
-0.789	 2466.74
-0.786667	 2509.08
-0.784333	 2552.14
-0.782	 2595.94
-0.779667	 2640.48
-0.777333	 2685.77
-0.775	 2731.84
-0.772667	 2778.68
-0.770333	 2826.33
-0.768	 2874.78
-0.765667	 2924.05
-0.763333	 2974.16
-0.761	 3025.12
-0.758667	 3076.94
-0.756333	 3129.64
-0.754	 3183.24
-0.751667	 3237.74
-0.749333	 3293.17
-0.747	 3349.53
-0.744667	 3406.85
-0.742333	 3465.14
-0.74	 3524.41
-0.737667	 3584.69
-0.735333	 3645.98
-0.733	 3708.31
-0.730667	 3771.69
-0.728333	 3836.15
-0.726	 3901.69
-0.723667	 3968.33
-0.721333	 4036.11
-0.719	 4105.02
-0.716667	 4175.1
-0.714333	 4246.35
-0.712	 4318.81
-0.709667	 4392.49
-0.707333	 4467.4
-0.705	 4543.58
-0.702667	 4621.04
-0.700333	 4699.81
-0.698	 4779.89
-0.695667	 4861.33
-0.693333	 4944.13
-0.691	 5028.32
-0.688667	 5113.93
-0.686333	 5200.97
-0.684	 5289.47
-0.681667	 5379.46
-0.679333	 5470.96
-0.677	 5563.99
-0.674667	 5658.58
-0.672333	 5754.75
-0.67	 5852.53
-0.667667	 5951.95
-0.665333	 6053.04
-0.663	 6155.81
-0.660667	 6260.31
-0.658333	 6366.55
-0.656	 6474.56
-0.653667	 6584.38
-0.651333	 6696.04
-0.649	 6809.55
-0.646667	 6924.97
-0.644333	 7042.3
-0.642	 7161.6
-0.639667	 7282.88
-0.637333	 7406.18
-0.635	 7531.54
-0.632667	 7658.99
-0.630333	 7788.56
-0.628	 7920.28
-0.625667	 8054.2
-0.623333	 8190.34
-0.621	 8328.75
-0.618667	 8469.45
-0.616333	 8612.5
-0.614	 8757.92
-0.611667	 8905.75
-0.609333	 9056.04
-0.607	 9208.82
-0.604667	 9364.14
-0.602333	 9522.03
-0.6	 9682.54
-0.597667	 9845.71
-0.595333	 10011.6
-0.593	 10180.2
-0.590667	 10351.6
-0.588333	 10525.9
-0.586	 10703
-0.583667	 10883.1
-0.581333	 11066.1
-0.579	 11252.2
-0.576667	 11441.3
-0.574333	 11633.6
-0.572	 11829
-0.569667	 12027.7
-0.567333	 12229.6
-0.565	 12434.9
-0.562667	 12643.6
-0.560333	 12855.7
-0.558	 13071.3
-0.555667	 13290.4
-0.553333	 13513.2
-0.551	 13739.6
-0.548667	 13969.8
-0.546333	 14203.8
-0.544	 14441.6
-0.541667	 14683.3
-0.539333	 14929
-0.537	 15178.7
-0.534667	 15432.5
-0.532333	 15690.5
-0.53	 15952.8
-0.527667	 16219.3
-0.525333	 16490.3
-0.523	 16765.7
-0.520667	 17045.6
-0.518333	 17330.1
-0.516	 17619.2
-0.513667	 17913.1
-0.511333	 18211.9
-0.509	 18515.5
-0.506667	 18824.1
-0.504333	 19137.7
-0.502	 19456.5
-0.499667	 19780.5
-0.497333	 20109.9
-0.495	 20444.6
-0.492667	 20784.8
-0.490333	 21130.5
-0.488	 21481.9
-0.485667	 21839.1
-0.483333	 22202.1
-0.481	 22571
-0.478667	 22946
-0.476333	 23327.1
-0.474	 23714.4
-0.471667	 24108
-0.469333	 24508.1
-0.467	 24914.7
-0.464667	 25328
-0.462333	 25748
-0.46	 26174.8
-0.457667	 26608.6
-0.455333	 27049.5
-0.453	 27497.6
-0.450667	 27953
-0.448333	 28415.8
-0.446	 28886.2
-0.443667	 29364.2
-0.441333	 29850
-0.439	 30343.7
-0.436667	 30845.5
-0.434333	 31355.5
-0.432	 31873.7
-0.429667	 32400.4
-0.427333	 32935.7
-0.425	 33479.7
-0.422667	 34032.5
-0.420333	 34594.4
-0.418	 35165.3
-0.415667	 35745.6
-0.413333	 36335.3
-0.411	 36934.6
-0.408667	 37543.7
-0.406333	 38162.7
-0.404	 38791.7
-0.401667	 39431
-0.399333	 40080.6
-0.397	 40740.8
-0.394667	 41411.8
-0.392333	 42093.6
-0.39	 42786.5
-0.387667	 43490.7
-0.385333	 44206.4
-0.383	 44933.6
-0.380667	 45672.7
-0.378333	 46423.8
-0.376	 47187
-0.373667	 47962.7
-0.371333	 48751
-0.369	 49552
-0.366667	 50366.1
-0.364333	 51193.4
-0.362	 52034.1
-0.359667	 52888.5
-0.357333	 53756.7
-0.355	 54639.1
-0.352667	 55535.7
-0.350333	 56446.9
-0.348	 57372.9
-0.345667	 58314
-0.343333	 59270.3
-0.341	 60242.1
-0.338667	 61229.7
-0.336333	 62233.3
-0.334	 63253.1
-0.331667	 64289.6
-0.329333	 65342.8
-0.327	 66413.1
-0.324667	 67500.8
-0.322333	 68606.2
-0.32	 69729.4
-0.317667	 70870.9
-0.315333	 72030.9
-0.313	 73209.7
-0.310667	 74407.7
-0.308333	 75625
-0.306	 76862.1
-0.303667	 78119.3
-0.301333	 79396.8
-0.299	 80695.1
-0.296667	 82014.4
-0.294333	 83355.2
-0.292	 84717.6
-0.289667	 86102.2
-0.287333	 87509.2
-0.285	 88939
-0.282667	 90392
-0.280333	 91868.6
-0.278	 93369.1
-0.275667	 94893.9
-0.273333	 96443.5
-0.271	 98018.2
-0.268667	 99618.4
-0.266333	 101245
-0.264	 102897
-0.261667	 104577
-0.259333	 106283
-0.257	 108017
-0.254667	 109780
-0.252333	 111571
-0.25	 113391
-0.247667	 115240
-0.245333	 117120
-0.243	 119030
-0.240667	 120971
-0.238333	 122943
-0.236	 124947
-0.233667	 126984
-0.231333	 129054
-0.229	 131158
-0.226667	 133296
-0.224333	 135468
-0.222	 137675
-0.219667	 139919
-0.217333	 142199
-0.215	 144515
-0.212667	 146870
-0.210333	 149262
-0.208	 151693
-0.205667	 154164
-0.203333	 156675
-0.201	 159226
-0.198667	 161819
-0.196333	 164454
-0.194	 167132
-0.191667	 169853
-0.189333	 172618
-0.187	 175429
-0.184667	 178284
-0.182333	 181187
-0.18	 184136
-0.177667	 187133
-0.175333	 190178
-0.173	 193274
-0.170667	 196419
-0.168333	 199615
-0.166	 202863
-0.163667	 206164
-0.161333	 209519
-0.159	 212928
-0.156667	 216392
-0.154333	 219913
-0.152	 223490
-0.149667	 227126
-0.147333	 230821
-0.145	 234575
-0.142667	 238391
-0.140333	 242268
-0.138	 246209
-0.135667	 250213
-0.133333	 254283
-0.131	 258418
-0.128667	 262621
-0.126333	 266892
-0.124	 271232
-0.121667	 275642
-0.119333	 280125
-0.117	 284679
-0.114667	 289308
-0.112333	 294013
-0.11	 298793
-0.107667	 303651
-0.105333	 308588
-0.103	 313605
-0.100667	 318704
-0.0983333	 323885
-0.096	 329151
-0.0936667	 334502
-0.0913333	 339939
-0.089	 345466
-0.0866667	 351082
-0.0843333	 356789
-0.082	 362588
-0.0796667	 368482
-0.0773333	 374472
-0.075	 380559
-0.0726667	 386745
-0.0703333	 393031
-0.068	 399420
-0.0656667	 405912
-0.0633333	 412509
-0.061	 419214
-0.0586667	 426028
-0.0563333	 432952
-0.054	 439989
-0.0516667	 447140
-0.0493333	 454407
-0.047	 461792
-0.0446667	 469297
-0.0423333	 476924
-0.04	 484675
-0.0376667	 492552
-0.0353333	 500557
-0.033	 508692
-0.0306667	 516959
-0.0283333	 525360
-0.026	 533898
-0.0236667	 542574
-0.0213333	 551392
-0.019	 560352
-0.0166667	 569458
-0.0143333	 578712
-0.012	 588117
-0.00966667	 597674
-0.00733333	 607387
-0.005	 617257
-0.00266667	 627287
-0.000333333	 637481
0.002	 647840
0.00433333	 658368
0.00666667	 669066
0.009	 679938
0.0113333	 690987
0.0136667	 702216
0.016	 713627
0.0183333	 725223
0.0206667	 737007
0.023	 748984
0.0253333	 761154
0.0276667	 773523
0.03	 786092
0.0323333	 798866
0.0346667	 811847
0.037	 825039
0.0393333	 838445
0.0416667	 852069
0.044	 865915
0.0463333	 879985
0.0486667	 894284
0.051	 908816
0.0533333	 923583
0.0556667	 938590
0.058	 953842
0.0603333	 969341
0.0626667	 985092
0.065	 1.0011e+06
0.0673333	 1.01737e+06
0.0696667	 1.0339e+06
0.072	 1.0507e+06
0.0743333	 1.06777e+06
0.0766667	 1.08512e+06
0.079	 1.10275e+06
0.0813333	 1.12067e+06
0.0836667	 1.13888e+06
0.086	 1.15739e+06
0.0883333	 1.17619e+06
0.0906667	 1.1953e+06
0.093	 1.21473e+06
0.0953333	 1.23446e+06
0.0976667	 1.25452e+06
0.1	 1.27491e+06
0.102333	 1.29562e+06
0.104667	 1.31667e+06
0.107	 1.33807e+06
0.109333	 1.35981e+06
0.111667	 1.38191e+06
0.114	 1.40436e+06
0.116333	 1.42718e+06
0.118667	 1.45037e+06
0.121	 1.47394e+06
0.123333	 1.49789e+06
0.125667	 1.52222e+06
0.128	 1.54696e+06
0.130333	 1.5721e+06
0.132667	 1.59764e+06
0.135	 1.6236e+06
0.137333	 1.64998e+06
0.139667	 1.67679e+06
0.142	 1.70404e+06
0.144333	 1.73173e+06
0.146667	 1.75986e+06
0.149	 1.78846e+06
0.151333	 1.81752e+06
0.153667	 1.84705e+06
0.156	 1.87706e+06
0.158333	 1.90756e+06
0.160667	 1.93856e+06
0.163	 1.97006e+06
0.165333	 2.00207e+06
0.167667	 2.0346e+06
0.17	 2.06766e+06
0.172333	 2.10126e+06
0.174667	 2.1354e+06
0.177	 2.1701e+06
0.179333	 2.20536e+06
0.181667	 2.24119e+06
0.184	 2.27761e+06
0.186333	 2.31462e+06
0.188667	 2.35223e+06
0.191	 2.39045e+06
0.193333	 2.42929e+06
0.195667	 2.46876e+06
0.198	 2.50888e+06
0.200333	 2.54964e+06
0.202667	 2.59107e+06
0.205	 2.63317e+06
0.207333	 2.67596e+06
0.209667	 2.71944e+06
0.212	 2.76363e+06
0.214333	 2.80853e+06
0.216667	 2.85417e+06
0.219	 2.90054e+06
0.221333	 2.94767e+06
0.223667	 2.99557e+06
0.226	 3.04424e+06
0.228333	 3.09371e+06
0.230667	 3.14398e+06
0.233	 3.19506e+06
0.235333	 3.24698e+06
0.237667	 3.29974e+06
0.24	 3.35335e+06
0.242333	 3.40784e+06
0.244667	 3.46321e+06
0.247	 3.51949e+06
0.249333	 3.57667e+06
0.251667	 3.63479e+06
0.254	 3.69385e+06
0.256333	 3.75387e+06
0.258667	 3.81487e+06
0.261	 3.87685e+06
0.263333	 3.93985e+06
0.265667	 4.00386e+06
0.268	 4.06892e+06
0.270333	 4.13504e+06
0.272667	 4.20222e+06
0.275	 4.2705e+06
0.277333	 4.3399e+06
0.279667	 4.41041e+06
0.282	 4.48208e+06
0.284333	 4.5549e+06
0.286667	 4.62892e+06
0.289	 4.70413e+06
0.291333	 4.78057e+06
0.293667	 4.85824e+06
0.296	 4.93718e+06
0.298333	 5.01741e+06
0.300667	 5.09893e+06
0.303	 5.18178e+06
0.305333	 5.26598e+06
0.307667	 5.35155e+06
0.31	 5.4385e+06
0.312333	 5.52687e+06
0.314667	 5.61667e+06
0.317	 5.70794e+06
0.319333	 5.80068e+06
0.321667	 5.89494e+06
0.324	 5.99072e+06
0.326333	 6.08806e+06
0.328667	 6.18699e+06
0.331	 6.28752e+06
0.333333	 6.38968e+06
0.335667	 6.49351e+06
0.338	 6.59902e+06
0.340333	 6.70624e+06
0.342667	 6.81521e+06
0.345	 6.92595e+06
0.347333	 7.03849e+06
0.349667	 7.15285e+06
0.352	 7.26908e+06
0.354333	 7.38719e+06
0.356667	 7.50722e+06
0.359	 7.6292e+06
0.361333	 7.75317e+06
0.363667	 7.87915e+06
0.366	 8.00717e+06
0.368333	 8.13728e+06
0.370667	 8.2695e+06
0.373	 8.40387e+06
0.375333	 8.54042e+06
0.377667	 8.67919e+06
0.38	 8.82022e+06
0.382333	 8.96353e+06
0.384667	 9.10918e+06
0.387	 9.25719e+06
0.389333	 9.40761e+06
0.391667	 9.56047e+06
0.394	 9.71581e+06
0.396333	 9.87368e+06
0.398667	 1.00341e+07
0.401	 1.01972e+07
0.403333	 1.03629e+07
0.405667	 1.05312e+07
0.408	 1.07024e+07
0.410333	 1.08763e+07
0.412667	 1.1053e+07
0.415	 1.12326e+07
0.417333	 1.14151e+07
0.419667	 1.16006e+07
0.422	 1.17891e+07
0.424333	 1.19806e+07
0.426667	 1.21753e+07
0.429	 1.23731e+07
0.431333	 1.25742e+07
0.433667	 1.27785e+07
0.436	 1.29861e+07
0.438333	 1.31971e+07
0.440667	 1.34116e+07
0.443	 1.36295e+07
0.445333	 1.38509e+07
0.447667	 1.4076e+07
0.45	 1.43047e+07
0.452333	 1.45371e+07
0.454667	 1.47734e+07
0.457	 1.50134e+07
0.459333	 1.52574e+07
0.461667	 1.55053e+07
0.464	 1.57572e+07
0.466333	 1.60132e+07
0.468667	 1.62734e+07
0.471	 1.65379e+07
0.473333	 1.68066e+07
0.475667	 1.70797e+07
0.478	 1.73572e+07
0.480333	 1.76392e+07
0.482667	 1.79258e+07
0.485	 1.82171e+07
0.487333	 1.85131e+07
0.489667	 1.88139e+07
0.492	 1.91196e+07
0.494333	 1.94303e+07
0.496667	 1.9746e+07
0.499	 2.00669e+07
0.501333	 2.03929e+07
0.503667	 2.07243e+07
0.506	 2.1061e+07
0.508333	 2.14032e+07
0.510667	 2.1751e+07
0.513	 2.21044e+07
0.515333	 2.24636e+07
0.517667	 2.28286e+07
0.52	 2.31995e+07
0.522333	 2.35765e+07
0.524667	 2.39596e+07
0.527	 2.43489e+07
0.529333	 2.47445e+07
0.531667	 2.51466e+07
0.534	 2.55552e+07
0.536333	 2.59704e+07
0.538667	 2.63924e+07
0.541	 2.68213e+07
0.543333	 2.72571e+07
0.545667	 2.77e+07
0.548	 2.81501e+07
0.550333	 2.86075e+07
0.552667	 2.90723e+07
0.555	 2.95447e+07
0.557333	 3.00247e+07
0.559667	 3.05126e+07
0.562	 3.10084e+07
0.564333	 3.15122e+07
0.566667	 3.20243e+07
0.569	 3.25446e+07
0.571333	 3.30734e+07
0.573667	 3.36108e+07
0.576	 3.4157e+07
0.578333	 3.4712e+07
0.580667	 3.5276e+07
0.583	 3.58492e+07
0.585333	 3.64317e+07
0.587667	 3.70236e+07
0.59	 3.76252e+07
0.592333	 3.82366e+07
0.594667	 3.88579e+07
0.597	 3.94893e+07
0.599333	 4.01309e+07
0.601667	 4.0783e+07
0.604	 4.14457e+07
0.606333	 4.21191e+07
0.608667	 4.28035e+07
0.611	 4.3499e+07
0.613333	 4.42058e+07
0.615667	 4.49241e+07
0.618	 4.5654e+07
0.620333	 4.63959e+07
0.622667	 4.71497e+07
0.625	 4.79159e+07
0.627333	 4.86944e+07
0.629667	 4.94856e+07
0.632	 5.02897e+07
0.634333	 5.11069e+07
0.636667	 5.19373e+07
0.639	 5.27812e+07
0.641333	 5.36388e+07
0.643667	 5.45104e+07
0.646	 5.53961e+07
0.648333	 5.62962e+07
0.650667	 5.7211e+07
0.653	 5.81406e+07
0.655333	 5.90853e+07
0.657667	 6.00453e+07
0.66	 6.1021e+07
0.662333	 6.20125e+07
0.664667	 6.30201e+07
0.667	 6.40441e+07
0.669333	 6.50847e+07
0.671667	 6.61423e+07
0.674	 6.7217e+07
0.676333	 6.83092e+07
0.678667	 6.94191e+07
0.681	 7.05471e+07
0.683333	 7.16934e+07
0.685667	 7.28583e+07
0.688	 7.40422e+07
0.690333	 7.52453e+07
0.692667	 7.64679e+07
0.695	 7.77104e+07
0.697333	 7.89731e+07
0.699667	 8.02563e+07
0.702	 8.15604e+07
0.704333	 8.28856e+07
0.706667	 8.42324e+07
0.709	 8.56011e+07
0.711333	 8.6992e+07
0.713667	 8.84055e+07
0.716	 8.9842e+07
0.718333	 9.13018e+07
0.720667	 9.27853e+07
0.723	 9.4293e+07
0.725333	 9.58251e+07
0.727667	 9.73821e+07
0.73	 9.89645e+07
0.732333	 1.00572e+08
0.734667	 1.02207e+08
0.737	 1.03867e+08
0.739333	 1.05555e+08
0.741667	 1.0727e+08
0.744	 1.09013e+08
0.746333	 1.10785e+08
0.748667	 1.12585e+08
0.751	 1.14414e+08
0.753333	 1.16273e+08
0.755667	 1.18162e+08
0.758	 1.20082e+08
0.760333	 1.22034e+08
0.762667	 1.24016e+08
0.765	 1.26032e+08
0.767333	 1.28079e+08
0.769667	 1.30161e+08
0.772	 1.32275e+08
0.774333	 1.34425e+08
0.776667	 1.36609e+08
0.779	 1.38829e+08
0.781333	 1.41084e+08
0.783667	 1.43377e+08
0.786	 1.45707e+08
0.788333	 1.48074e+08
0.790667	 1.5048e+08
0.793	 1.52925e+08
0.795333	 1.5541e+08
0.797667	 1.57935e+08
0.8	 1.60502e+08
0.802333	 1.63109e+08
0.804667	 1.6576e+08
0.807	 1.68453e+08
0.809333	 1.7119e+08
0.811667	 1.73972e+08
0.814	 1.76799e+08
0.816333	 1.79672e+08
0.818667	 1.82591e+08
0.821	 1.85558e+08
0.823333	 1.88573e+08
0.825667	 1.91637e+08
0.828	 1.94751e+08
0.830333	 1.97915e+08
0.832667	 2.01131e+08
0.835	 2.04399e+08
0.837333	 2.0772e+08
0.839667	 2.11096e+08
0.842	 2.14526e+08
0.844333	 2.18011e+08
0.846667	 2.21554e+08
0.849	 2.25154e+08
0.851333	 2.28812e+08
0.853667	 2.3253e+08
0.856	 2.36308e+08
0.858333	 2.40148e+08
0.860667	 2.4405e+08
0.863	 2.48016e+08
0.865333	 2.52046e+08
0.867667	 2.56141e+08
0.87	 2.60303e+08
0.872333	 2.64533e+08
0.874667	 2.68831e+08
0.877	 2.73199e+08
0.879333	 2.77638e+08
0.881667	 2.82149e+08
0.884	 2.86734e+08
0.886333	 2.91393e+08
0.888667	 2.96128e+08
0.891	 3.0094e+08
0.893333	 3.05829e+08
0.895667	 3.10799e+08
0.898	 3.15849e+08
0.900333	 3.20981e+08
0.902667	 3.26196e+08
0.905	 3.31497e+08
0.907333	 3.36883e+08
0.909667	 3.42357e+08
0.912	 3.4792e+08
0.914333	 3.53573e+08
0.916667	 3.59318e+08
0.919	 3.65157e+08
0.921333	 3.7109e+08
0.923667	 3.7712e+08
0.926	 3.83247e+08
0.928333	 3.89475e+08
0.930667	 3.95803e+08
0.933	 4.02234e+08
0.935333	 4.0877e+08
0.937667	 4.15412e+08
0.94	 4.22162e+08
0.942333	 4.29022e+08
0.944667	 4.35993e+08
0.947	 4.43077e+08
0.949333	 4.50276e+08
0.951667	 4.57593e+08
0.954	 4.65028e+08
0.956333	 4.72584e+08
0.958667	 4.80263e+08
0.961	 4.88067e+08
0.963333	 4.95997e+08
0.965667	 5.04057e+08
0.968	 5.12247e+08
0.970333	 5.2057e+08
0.972667	 5.29029e+08
0.975	 5.37625e+08
0.977333	 5.4636e+08
0.979667	 5.55238e+08
0.982	 5.6426e+08
0.984333	 5.73428e+08
0.986667	 5.82746e+08
0.989	 5.92215e+08
0.991333	 6.01837e+08
0.993667	 6.11617e+08
0.996	 6.21555e+08
0.998333	 6.31654e+08
1.00067	 6.41918e+08
1.003	 6.52348e+08
1.00533	 6.62948e+08
1.00767	 6.7372e+08
1.01	 6.84667e+08
1.01233	 6.95792e+08
1.01467	 7.07097e+08
1.017	 7.18587e+08
1.01933	 7.30263e+08
1.02167	 7.42129e+08
1.024	 7.54187e+08
1.02633	 7.66442e+08
1.02867	 7.78896e+08
1.031	 7.91552e+08
1.03333	 8.04413e+08
1.03567	 8.17484e+08
1.038	 8.30767e+08
1.04033	 8.44266e+08
1.04267	 8.57984e+08
1.045	 8.71925e+08
1.04733	 8.86093e+08
1.04967	 9.00491e+08
1.052	 9.15122e+08
1.05433	 9.29992e+08
1.05667	 9.45103e+08
1.059	 9.6046e+08
1.06133	 9.76066e+08
1.06367	 9.91926e+08
1.066	 1.00804e+09
1.06833	 1.02442e+09
1.07067	 1.04107e+09
1.073	 1.05798e+09
1.07533	 1.07518e+09
1.07767	 1.09265e+09
1.08	 1.1104e+09
1.08233	 1.12844e+09
1.08467	 1.14678e+09
1.087	 1.16541e+09
1.08933	 1.18435e+09
1.09167	 1.20359e+09
1.094	 1.22315e+09
1.09633	 1.24302e+09
1.09867	 1.26322e+09
1.101	 1.28375e+09
1.10333	 1.30461e+09
1.10567	 1.3258e+09
1.108	 1.34735e+09
1.11033	 1.36924e+09
1.11267	 1.39149e+09
1.115	 1.4141e+09
1.11733	 1.43707e+09
1.11967	 1.46042e+09
1.122	 1.48415e+09
1.12433	 1.50827e+09
1.12667	 1.53278e+09
1.129	 1.55768e+09
1.13133	 1.58299e+09
1.13367	 1.60872e+09
1.136	 1.63485e+09
1.13833	 1.66142e+09
1.14067	 1.68842e+09
1.143	 1.71585e+09
1.14533	 1.74373e+09
1.14767	 1.77206e+09
1.15	 1.80086e+09
1.15233	 1.83012e+09
1.15467	 1.85986e+09
1.157	 1.89008e+09
1.15933	 1.92079e+09
1.16167	 1.952e+09
1.164	 1.98371e+09
1.16633	 2.01595e+09
1.16867	 2.0487e+09
1.171	 2.08199e+09
1.17333	 2.11582e+09
1.17567	 2.1502e+09
1.178	 2.18514e+09
1.18033	 2.22065e+09
1.18267	 2.25673e+09
1.185	 2.2934e+09
1.18733	 2.33066e+09
1.18967	 2.36853e+09
1.192	 2.40702e+09
1.19433	 2.44613e+09
1.19667	 2.48587e+09
1.199	 2.52627e+09
1.20133	 2.56732e+09
1.20367	 2.60903e+09
1.206	 2.65142e+09
1.20833	 2.69451e+09
1.21067	 2.73829e+09
1.213	 2.78278e+09
1.21533	 2.828e+09
1.21767	 2.87395e+09
1.22	 2.92065e+09
1.22233	 2.9681e+09
1.22467	 3.01633e+09
1.227	 3.06534e+09
1.22933	 3.11515e+09
1.23167	 3.16577e+09
1.234	 3.21721e+09
1.23633	 3.26948e+09
1.23867	 3.32261e+09
1.241	 3.3766e+09
1.24333	 3.43146e+09
1.24567	 3.48722e+09
1.248	 3.54388e+09
1.25033	 3.60147e+09
1.25267	 3.65998e+09
1.255	 3.71945e+09
1.25733	 3.77989e+09
1.25967	 3.84131e+09
1.262	 3.90373e+09
1.26433	 3.96716e+09
1.26667	 4.03162e+09
1.269	 4.09713e+09
1.27133	 4.1637e+09
1.27367	 4.23135e+09
1.276	 4.30011e+09
1.27833	 4.36998e+09
1.28067	 4.44098e+09
1.283	 4.51314e+09
1.28533	 4.58648e+09
1.28767	 4.661e+09
1.29	 4.73674e+09
1.29233	 4.8137e+09
1.29467	 4.89192e+09
1.297	 4.97141e+09
1.29933	 5.05218e+09
1.30167	 5.13428e+09
1.304	 5.2177e+09
1.30633	 5.30248e+09
1.30867	 5.38864e+09
1.311	 5.4762e+09
1.31333	 5.56518e+09
1.31567	 5.65561e+09
1.318	 5.7475e+09
1.32033	 5.84089e+09
1.32267	 5.9358e+09
1.325	 6.03225e+09
1.32733	 6.13026e+09
1.32967	 6.22987e+09
1.332	 6.3311e+09
1.33433	 6.43397e+09
1.33667	 6.53852e+09
1.339	 6.64476e+09
1.34133	 6.75273e+09
1.34367	 6.86245e+09
1.346	 6.97396e+09
1.34833	 7.08727e+09
1.35067	 7.20243e+09
1.353	 7.31946e+09
1.35533	 7.43839e+09
1.35767	 7.55926e+09
1.36	 7.68209e+09
1.36233	 7.80691e+09
1.36467	 7.93376e+09
1.367	 8.06268e+09
1.36933	 8.19368e+09
1.37167	 8.32682e+09
1.374	 8.46212e+09
1.37633	 8.59962e+09
1.37867	 8.73935e+09
1.381	 8.88136e+09
1.38333	 9.02567e+09
1.38567	 9.17232e+09
1.388	 9.32136e+09
1.39033	 9.47282e+09
1.39267	 9.62674e+09
1.395	 9.78316e+09
1.39733	 9.94213e+09
1.39967	 1.01037e+10
1.402	 1.02678e+10
1.40433	 1.04347e+10
1.40667	 1.06042e+10
1.409	 1.07765e+10
1.41133	 1.09516e+10
1.41367	 1.11296e+10
1.416	 1.13104e+10
1.41833	 1.14942e+10
1.42067	 1.1681e+10
1.423	 1.18708e+10
1.42533	 1.20637e+10
1.42767	 1.22597e+10
1.43	 1.24589e+10
1.43233	 1.26613e+10
1.43467	 1.28671e+10
1.437	 1.30761e+10
1.43933	 1.32886e+10
1.44167	 1.35045e+10
1.444	 1.3724e+10
1.44633	 1.39469e+10
1.44867	 1.41736e+10
1.451	 1.44039e+10
1.45333	 1.46379e+10
1.45567	 1.48758e+10
1.458	 1.51175e+10
1.46033	 1.53631e+10
1.46267	 1.56127e+10
1.465	 1.58664e+10
1.46733	 1.61242e+10
1.46967	 1.63862e+10
1.472	 1.66525e+10
1.47433	 1.69231e+10
1.47667	 1.71981e+10
1.479	 1.74775e+10
1.48133	 1.77615e+10
1.48367	 1.80501e+10
1.486	 1.83434e+10
1.48833	 1.86414e+10
1.49067	 1.89443e+10
1.493	 1.92521e+10
1.49533	 1.9565e+10
1.49767	 1.98829e+10
1.5	 2.02059e+10
